360;248
1;45;833
2;107;615
3;130;350
4;111;527
5;34;211
6;1;662
7;191;465
8;145;235
9;67;242
10;8;898
11;82;663
12;171;569
13;109;739
14;121;432
15;83;822
16;88;570
17;88;633
18;67;220
19;71;629
20;148;873
21;40;313
22;20;109
23;121;576
24;76;595
25;185;449
26;53;535
27;167;263
28;179;596
29;19;747
30;195;245
31;147;577
32;185;347
33;175;459
34;145;260
35;168;775
36;50;823
37;198;791
38;85;744
39;55;826
40;69;853
41;109;738
42;64;232
43;57;810
44;170;83
45;115;454
46;82;868
47;25;134
48;198;589
49;16;292
50;86;898
51;192;882
52;166;753
53;96;328
54;38;265
55;115;426
56;176;226
57;10;806
58;41;324
59;40;550
60;170;137
61;37;721
62;85;643
63;145;130
64;141;341
65;98;69
66;71;499
67;24;80
68;162;506
69;159;484
70;46;866
71;107;321
72;72;599
73;87;580
74;23;691
75;36;777
76;171;93
77;158;533
78;183;725
79;6;83
80;9;194
81;143;607
82;68;839
83;102;789
84;138;551
85;20;393
86;109;255
87;95;507
88;68;869
89;194;684
90;150;550
91;23;15
92;161;859
93;6;490
94;197;17
95;91;816
96;117;584
97;129;75
98;74;394
99;91;581
100;29;151
101;99;775
102;94;360
103;88;344
104;85;587
105;122;267
106;24;849
107;30;735
108;128;766
109;95;625
110;146;704
111;53;346
112;48;80
113;176;204
114;74;519
115;6;633
116;196;243
117;76;423
118;103;314
119;184;363
120;11;703
121;189;593
122;130;841
123;65;649
124;136;434
125;194;570
126;142;712
127;55;32
128;128;584
129;51;365
130;52;600
131;111;637
132;8;181
133;135;460
134;15;807
135;102;218
136;149;308
137;109;594
138;171;539
139;173;170
140;135;857
141;23;8
142;108;737
143;31;211
144;193;267
145;24;772
146;137;530
147;8;128
148;98;878
149;174;3
150;89;809
151;111;63
152;78;442
153;108;107
154;9;644
155;125;765
156;101;292
157;146;234
158;63;126
159;104;875
160;139;467
161;173;447
162;31;493
163;45;322
164;51;85
165;171;189
166;50;211
167;170;777
168;47;300
169;192;291
170;91;722
171;12;247
172;186;170
173;149;247
174;161;666
175;162;658
176;116;611
177;13;3
178;129;821
179;114;886
180;125;8
181;83;638
182;56;430
183;14;820
184;53;519
185;4;801
186;39;609
187;106;784
188;85;641
189;85;421
190;53;373
191;92;75
192;117;407
193;130;331
194;92;535
195;72;425
196;20;125
197;111;221
198;3;169
199;194;293
200;151;830
201;32;87
202;179;118
203;17;153
204;150;572
205;149;540
206;32;560
207;149;79
208;174;370
209;134;835
210;93;811
211;153;344
212;176;527
213;6;520
214;134;571
215;120;633
216;109;724
217;26;849
218;38;129
219;74;465
220;17;357
221;78;670
222;83;193
223;46;80
224;44;429
225;47;597
226;121;879
227;126;730
228;79;477
229;23;563
230;10;357
231;29;695
232;44;187
233;9;28
234;47;662
235;17;499
236;93;374
237;27;63
238;194;110
239;44;74
240;150;831
241;169;429
242;81;161
243;161;415
244;11;243
245;178;300
246;175;467
247;143;322
248;158;837
249;100;152
250;155;517
251;134;349
252;52;708
253;56;382
254;35;358
255;95;137
256;108;154
257;40;428
258;154;256
259;46;651
260;171;124
261;38;674
262;171;123
263;63;86
264;108;661
265;13;851
266;36;233
267;197;627
268;76;164
269;47;196
270;49;730
271;58;403
272;123;303
273;100;514
274;36;481
275;133;175
276;74;259
277;124;526
278;180;195
279;94;690
280;62;807
281;27;837
282;162;233
283;60;357
284;71;349
285;11;305
286;82;564
287;158;460
288;143;408
289;164;719
290;76;766
291;43;398
292;6;615
293;189;645
294;39;63
295;51;392
296;4;157
297;11;280
298;165;304
299;29;267
300;163;562
301;113;533
302;152;311
303;101;735
304;100;710
305;182;44
306;13;626
307;100;199
308;74;667
309;146;654
310;61;162
311;8;19
312;143;137
313;173;592
314;48;744
315;2;351
316;83;142
317;14;258
318;86;101
319;121;452
320;161;189
321;37;619
322;186;524
323;55;324
324;16;94
325;102;669
326;184;221
327;104;128
328;62;263
329;174;523
330;146;199
331;98;619
332;188;681
333;25;536
334;165;165
335;178;222
336;197;226
337;108;81
338;69;867
339;30;845
340;176;111
341;154;204
342;88;455
343;194;526
344;21;408
345;129;488
346;5;443
347;53;329
348;73;38
349;14;656
350;11;265
351;151;520
352;103;14
353;163;452
354;113;615
355;141;340
356;22;301
357;139;562
358;34;246
359;60;896
360;190;181
361;46;55
362;198;571
363;31;537
364;30;18
365;179;461
366;172;818
367;168;866
368;1;714
369;60;369
370;96;383
371;161;641
372;97;218
373;161;696
374;141;35
375;7;884
376;77;747
377;6;486
378;171;850
379;54;255
380;73;4
381;137;250
382;14;124
383;30;899
384;26;721
385;172;587
386;101;425
387;162;104
388;193;191
389;166;282
390;105;774
391;116;144
392;141;490
393;64;60
394;185;105
395;114;478
396;7;540
397;50;238
398;80;25
399;5;12
400;55;719
401;150;807
402;159;567
403;63;794
404;80;584
405;113;705
406;99;762
407;146;201
408;36;84
409;36;574
410;197;135
411;107;802
412;105;710
413;34;162
414;66;608
415;147;524
416;29;655
417;187;298
418;98;139
419;92;379
420;139;855
421;146;218
422;45;725
423;158;798
424;50;888
425;188;134
426;121;177
427;169;835
428;174;652
429;107;566
430;48;884
431;5;376
432;113;69
433;115;607
434;108;524
435;121;614
436;82;146
437;167;33
438;141;400
439;56;380
440;111;642
441;165;635
442;157;761
443;4;461
444;58;613
445;11;145
446;61;844
447;179;781
448;19;204
449;45;93
450;131;446
451;166;227
452;74;223
453;24;842
454;13;656
455;39;529
456;43;592
457;168;790
458;52;458
459;185;268
460;108;147
461;92;573
462;57;503
463;110;687
464;107;561
465;107;299
466;13;451
467;189;549
468;159;876
469;176;578
470;8;17
471;88;763
472;168;869
473;178;225
474;120;694
475;178;352
476;76;354
477;169;292
478;190;655
479;182;726
480;65;358
481;72;834
482;174;711
483;166;367
484;70;353
485;183;80
486;27;697
487;134;457
488;45;647
489;20;601
490;146;609
491;52;228
492;83;708
493;8;513
494;103;755
495;45;704
496;114;159
497;188;627
498;54;205
499;83;438
500;46;122
501;97;735
502;75;339
503;96;707
504;38;490
505;49;701
506;184;898
507;166;200
508;130;175
509;38;150
510;31;739
511;71;681
512;117;86
513;51;874
514;43;305
515;23;45
516;129;122
517;143;245
518;147;38
519;177;419
520;141;800
521;178;39
522;59;418
523;96;325
524;185;637
525;119;690
526;10;236
527;108;173
528;141;887
529;129;29
530;142;78
531;44;28
532;193;626
533;89;297
534;193;877
535;47;440
536;162;107
537;117;108
538;58;400
539;5;185
540;114;243
541;134;413
542;51;516
543;121;802
544;46;214
545;36;127
546;186;797
547;195;809
548;127;13
549;49;548
550;192;542
551;141;373
552;153;328
553;109;227
554;23;829
555;175;671
556;133;733
557;5;0
558;84;831
559;117;272
560;98;254
561;153;324
562;82;693
563;19;274
564;134;58
565;186;515
566;122;879
567;35;215
568;73;818
569;129;192
570;155;845
571;143;664
572;121;32
573;123;703
574;99;533
575;74;787
576;151;589
577;143;4
578;129;628
579;49;643
580;17;492
581;120;765
582;7;469
583;196;298
584;180;799
585;13;168
586;67;88
587;198;580
588;62;692
589;59;154
590;101;53
591;195;786
592;102;209
593;130;688
594;111;368
595;174;133
596;22;392
597;144;659
598;149;14
599;113;753
600;180;679
601;195;549
602;140;104
603;18;315
604;137;654
605;68;761
606;166;67
607;67;551
608;46;899
609;141;579
610;26;136
611;47;847
612;150;314
613;22;413
614;36;468
615;34;843
616;171;526
617;40;818
618;105;226
619;16;452
620;24;539
621;155;718
622;171;450
623;9;850
624;15;547
625;136;665
626;87;610
627;98;636
628;159;138
629;178;74
630;146;883
631;158;469
632;134;500
633;128;107
634;22;560
635;143;856
636;76;284
637;128;421
638;179;442
639;7;568
640;63;582
641;69;62
642;27;379
643;24;881
644;96;220
645;195;76
646;143;15
647;115;510
648;91;625
649;148;445
650;103;859
651;13;794
652;10;744
653;90;603
654;149;613
655;157;197
656;127;868
657;135;863
658;198;516
659;53;625
660;184;788
661;75;423
662;154;767
663;93;706
664;156;135
665;92;336
666;117;757
667;177;626
668;85;335
669;186;786
670;152;169
671;85;835
672;174;780
673;3;855
674;164;2
675;84;510
676;104;597
677;90;613
678;172;723
679;121;709
680;85;819
681;169;625
682;150;472
683;2;78
684;16;568
685;137;51
686;56;675
687;190;51
688;21;184
689;22;201
690;31;312
691;31;172
692;176;5
693;7;507
694;87;662
695;49;648
696;113;245
697;100;132
698;147;469
699;157;166
700;75;654
701;160;259
702;145;528
703;90;533
704;58;424
705;149;595
706;139;236
707;13;587
708;100;287
709;132;22
710;160;816
711;189;734
712;176;650
713;66;85
714;97;546
715;5;49
716;177;822
717;11;257
718;173;434
719;15;107
720;18;63
721;56;264
722;144;89
723;171;794
724;161;118
725;184;372
726;72;682
727;101;402
728;104;448
729;196;186
730;42;327
731;142;91
732;155;263
733;174;418
734;79;737
735;128;103
736;96;40
737;112;741
738;151;890
739;69;350
740;193;481
741;69;694
742;150;349
743;34;827
744;36;420
745;5;3
746;22;117
747;180;179
748;56;870
749;16;3
750;179;765
751;28;351
752;178;377
753;153;236
754;174;401
755;110;307
756;31;479
757;186;775
758;146;811
759;183;420
760;20;314
761;3;884
762;139;108
763;136;329
764;166;189
765;149;237
766;110;429
767;37;25
768;47;388
769;44;631
770;164;605
771;123;88
772;29;266
773;51;403
774;66;761
775;77;9
776;78;129
777;20;301
778;1;184
779;74;451
780;115;534
781;189;613
782;107;600
783;171;710
784;136;239
785;99;36
786;106;795
787;119;230
788;72;863
789;36;670
790;60;787
791;24;280
792;138;181
793;19;294
794;117;660
795;85;70
796;181;754
797;182;698
798;170;70
799;115;690
800;133;778
801;34;384
802;169;664
803;89;21
804;152;266
805;100;761
806;186;530
807;90;350
808;185;418
809;125;360
810;109;91
811;52;886
812;44;463
813;113;735
814;162;458
815;88;295
816;114;862
817;49;269
818;40;108
819;71;110
820;41;891
821;53;304
822;18;75
823;55;369
824;2;806
825;187;893
826;166;478
827;85;767
828;135;493
829;190;231
830;155;768
831;145;900
832;110;204
833;73;717
834;6;523
835;117;732
836;72;24
837;68;602
838;117;325
839;84;796
840;164;813
841;18;871
842;160;33
843;116;379
844;86;768
845;23;700
846;140;431
847;13;317
848;14;51
849;159;178
850;74;454
851;32;819
852;139;866
853;16;827
854;73;554
855;63;496
856;64;609
857;22;263
858;94;804
859;26;707
860;113;629
861;154;651
862;127;534
863;191;723
864;118;303
865;41;485
866;174;561
867;110;655
868;85;338
869;24;559
870;91;71
871;53;173
872;123;680
873;36;199
874;63;401
875;44;492
876;46;352
877;90;195
878;107;313
879;173;481
880;90;747
881;12;538
882;89;385
883;128;267
884;42;556
885;133;41
886;93;9
887;191;178
888;157;837
889;175;560
890;161;500
891;130;469
892;149;770
893;78;287
894;34;694
895;89;880
896;74;869
897;14;153
898;146;840
899;194;810
900;87;533
901;39;34
902;40;289
903;176;638
904;152;401
905;69;484
906;146;37
907;47;590
908;122;70
909;195;688
910;162;37
911;69;741
912;61;319
913;116;356
914;142;304
915;47;365
916;48;91
917;48;16
918;112;657
919;152;744
920;49;210
921;19;548
922;89;560
923;34;506
924;5;143
925;85;194
926;63;161
927;6;421
928;83;535
929;9;272
930;163;440
931;74;49
932;147;693
933;89;726
934;84;622
935;68;104
936;90;846
937;173;194
938;73;87
939;125;758
940;23;802
941;158;282
942;59;62
943;60;834
944;88;735
945;108;121
946;83;513
947;65;190
948;62;463
949;90;674
950;44;836
951;113;627
952;87;795
953;116;256
954;111;82
955;4;860
956;68;532
957;66;259
958;36;452
959;143;208
960;178;684
961;103;663
962;72;383
963;110;74
964;65;258
965;7;692
966;9;212
967;44;9
968;62;0
969;66;142
970;190;506
971;100;703
972;4;684
973;105;326
974;169;729
975;192;181
976;189;329
977;158;332
978;129;826
979;122;302
980;43;673
981;149;878
982;47;713
983;154;6
984;32;549
985;94;120
986;166;497
987;91;619
988;166;259
989;49;385
990;31;192
991;47;85
992;166;536
993;167;34
994;86;634
995;22;345
996;119;336
997;125;493
998;41;35
999;122;710
1000;188;16
1001;55;178
1002;84;476
1003;71;791
1004;93;895
1005;98;556
1006;92;264
1007;146;580
1008;70;270
1009;185;864
1010;81;121
1011;56;395
1012;143;869
1013;158;632
1014;62;11
1015;137;737
1016;153;682
1017;32;378
1018;96;34
1019;51;287
1020;46;587
1021;95;797
1022;53;651
1023;4;716
1024;70;506
1025;124;493
1026;13;387
1027;171;345
1028;26;415
1029;118;794
1030;55;853
1031;144;682
1032;61;322
1033;160;603
1034;8;310
1035;13;91
1036;36;283
1037;149;449
1038;88;562
1039;67;605
1040;8;647
1041;170;308
1042;33;259
1043;80;11
1044;51;372
1045;154;536
1046;65;674
1047;65;237
1048;196;605
1049;125;7
1050;31;131
1051;80;436
1052;91;139
1053;92;680
1054;38;83
1055;70;55
1056;76;579
1057;124;391
1058;186;173
1059;32;743
1060;163;377
1061;165;482
1062;121;703
1063;20;658
1064;80;648
1065;20;104
1066;163;76
1067;171;406
1068;52;407
1069;47;624
1070;60;824
1071;184;588
1072;8;2
1073;158;764
1074;141;376
1075;78;337
1076;1;867
1077;111;469
1078;148;696
1079;67;654
1080;157;736
1081;192;151
1082;20;566
1083;148;23
1084;3;275
1085;78;600
1086;142;432
1087;70;301
1088;76;650
1089;153;319
1090;92;196
1091;96;342
1092;1;532
1093;60;758
1094;103;339
1095;196;353
1096;77;303
1097;71;225
1098;146;467
1099;32;19
1100;168;748
1101;8;738
1102;36;848
1103;124;314
1104;144;228
1105;103;154
1106;108;411
1107;174;511
1108;6;625
1109;23;305
1110;142;582
1111;24;616
1112;44;105
1113;108;752
1114;101;528
1115;86;314
1116;89;396
1117;61;129
1118;155;67
1119;73;459
1120;21;278
1121;105;795
1122;47;267
1123;63;424
1124;172;850
1125;175;884
1126;156;744
1127;13;434
1128;19;661
1129;136;343
1130;124;468
1131;176;209
1132;62;71
1133;4;729
1134;148;832
1135;4;583
1136;94;403
1137;92;160
1138;88;303
1139;133;517
1140;29;126
1141;10;83
1142;40;669
1143;107;466
1144;184;241
1145;5;717
1146;75;145
1147;11;751
1148;133;179
1149;167;192
1150;79;518
1151;104;538
1152;164;159
1153;115;435
1154;48;426
1155;40;416
1156;177;784
1157;139;701
1158;72;214
1159;44;324
1160;154;667
1161;34;492
1162;181;66
1163;178;643
1164;108;847
1165;99;341
1166;32;758
1167;126;257
1168;163;580
1169;29;42
1170;37;354
1171;140;617
1172;65;870
1173;58;679
1174;184;301
1175;177;162
1176;1;72
1177;82;505
1178;172;601
1179;161;101
1180;62;557
1181;140;701
1182;109;343
1183;60;883
1184;93;47
1185;154;623
1186;88;535
1187;72;488
1188;123;670
1189;63;784
1190;26;490
1191;155;871
1192;165;660
1193;146;73
1194;4;286
1195;133;632
1196;7;414
1197;101;558
1198;125;462
1199;39;889
1200;8;586
1201;165;177
1202;119;486
1203;32;132
1204;73;567
1205;73;249
1206;24;505
1207;123;688
1208;176;186
1209;25;364
1210;110;739
1211;72;629
1212;26;117
1213;164;645
1214;6;287
1215;63;482
1216;169;575
1217;182;484
1218;19;829
1219;63;605
1220;159;760
1221;1;178
1222;103;640
1223;36;25
1224;109;900
1225;105;435
1226;108;894
1227;28;521
1228;90;84
1229;24;633
1230;75;197
1231;104;377
1232;129;585
1233;122;593
1234;103;411
1235;32;408
1236;110;762
1237;18;775
1238;118;505
1239;22;671
1240;42;181
1241;152;486
1242;99;353
1243;93;875
1244;84;150
1245;177;793
1246;184;27
1247;76;376
1248;19;369
1249;59;661
1250;7;695
1251;4;93
1252;35;707
1253;93;655
1254;52;234
1255;173;147
1256;26;11
1257;169;277
1258;141;489
1259;81;705
1260;145;896
1261;6;817
1262;82;543
1263;83;814
1264;125;694
1265;171;228
1266;165;360
1267;148;829
1268;96;888
1269;182;679
1270;153;623
1271;184;599
1272;143;658
1273;28;838
1274;127;423
1275;93;679
1276;25;715
1277;33;802
1278;11;90
1279;50;265
1280;118;791
1281;88;707
1282;73;30
1283;43;91
1284;151;483
1285;11;591
1286;8;84
1287;45;554
1288;65;333
1289;140;435
1290;113;289
1291;176;47
1292;14;464
1293;191;177
1294;80;317
1295;10;688
1296;170;400
1297;168;893
1298;34;349
1299;69;714
1300;3;560
1301;121;104
1302;89;438
1303;36;286
1304;8;69
1305;12;687
1306;54;130
1307;11;875
1308;41;209
1309;82;64
1310;124;32
1311;195;184
1312;130;356
1313;56;850
1314;4;293
1315;196;568
1316;100;599
1317;154;84
1318;69;889
1319;103;132
1320;150;783
1321;62;310
1322;78;47
1323;192;636
1324;103;500
1325;103;692
1326;25;709
1327;158;665
1328;137;2
1329;78;615
1330;175;766
1331;78;555
1332;27;723
1333;197;550
1334;128;759
1335;58;469
1336;110;520
1337;167;511
1338;153;701
1339;170;85
1340;121;335
1341;1;717
1342;16;445
1343;149;384
1344;185;725
1345;95;619
1346;92;197
1347;33;25
1348;171;287
1349;178;65
1350;188;190
1351;33;495
1352;177;698
1353;177;490
1354;96;842
1355;185;18
1356;32;554
1357;88;101
1358;89;34
1359;15;772
1360;7;845
1361;84;159
1362;6;431
1363;55;424
1364;198;43
1365;153;315
1366;173;796
1367;27;363
1368;155;39
1369;13;820
1370;160;822
1371;193;147
1372;120;32
1373;180;284
1374;167;726
1375;181;599
1376;64;360
1377;179;186
1378;88;476
1379;62;636
1380;9;750
1381;18;762
1382;74;737
1383;43;860
1384;16;247
1385;114;626
1386;70;473
1387;161;137
1388;85;384
1389;7;363
1390;118;323
1391;181;509
1392;53;438
1393;85;573
1394;137;618
1395;198;557
1396;152;762
1397;11;373
1398;180;388
1399;41;153
1400;168;164
1401;25;630
1402;119;887
1403;180;786
1404;103;78
1405;119;774
1406;35;691
1407;33;224
1408;125;157
1409;137;598
1410;155;745
1411;75;735
1412;84;274
1413;148;871
1414;73;83
1415;169;215
1416;33;224
1417;92;146
1418;38;663
1419;177;379
1420;19;457
1421;168;723
1422;39;574
1423;45;626
1424;174;692
1425;158;547
1426;149;636
1427;38;165
1428;50;634
1429;49;823
1430;55;302
1431;67;675
1432;153;308
1433;65;528
1434;193;561
1435;115;271
1436;103;683
1437;149;588
1438;145;65
1439;96;642
1440;75;15
1441;34;96
1442;128;755
1443;194;227
1444;93;426
1445;154;53
1446;112;131
1447;157;400
1448;165;278
1449;154;137
1450;189;460
1451;1;371
1452;65;402
1453;4;803
1454;195;262
1455;152;387
1456;3;872
1457;110;584
1458;121;597
1459;12;614
1460;39;428
1461;29;406
1462;112;636
1463;19;196
1464;85;342
1465;33;211
1466;110;506
1467;173;177
1468;141;562
1469;84;768
1470;26;837
1471;155;322
1472;141;345
1473;35;316
1474;111;272
1475;197;697
1476;163;583
1477;179;472
1478;8;208
1479;123;89
1480;60;668
1481;155;431
1482;28;539
1483;195;309
1484;173;886
1485;119;550
1486;91;27
1487;52;488
1488;51;714
1489;95;867
1490;167;838
1491;35;226
1492;5;881
1493;48;658
1494;55;105
1495;8;255
1496;196;701
1497;166;254
1498;18;349
1499;6;12
1500;159;372
1501;177;438
1502;148;851
1503;43;550
1504;38;34
1505;145;758
1506;166;603
1507;191;341
1508;102;771
1509;29;473
1510;17;487
1511;111;197
1512;12;162
1513;173;339
1514;122;714
1515;82;74
1516;132;446
1517;17;614
1518;168;419
1519;56;218
1520;167;292
1521;106;485
1522;31;689
1523;16;362
1524;82;503
1525;150;146
1526;38;329
1527;10;590
1528;162;814
1529;82;879
1530;168;572
1531;70;784
1532;115;336
1533;31;830
1534;63;168
1535;74;587
1536;69;715
1537;103;538
1538;79;280
1539;6;66
1540;143;800
1541;157;76
1542;4;725
1543;63;424
1544;117;831
1545;78;844
1546;121;457
1547;188;626
1548;130;722
1549;198;227
1550;20;698
1551;179;405
1552;104;420
1553;149;56
1554;151;549
1555;86;186
1556;190;383
1557;26;275
1558;60;0
1559;125;221
1560;142;753
1561;138;656
1562;166;771
1563;142;752
1564;52;125
1565;147;186
1566;173;570
1567;86;829
1568;53;293
1569;80;520
1570;156;243
1571;120;155
1572;16;838
1573;100;392
1574;137;327
1575;4;672
1576;139;464
1577;164;43
1578;19;723
1579;6;248
1580;19;318
1581;134;335
1582;58;157
1583;91;517
1584;56;157
1585;125;785
1586;146;761
1587;182;832
1588;92;638
1589;62;284
1590;179;378
1591;178;738
1592;109;249
1593;19;724
1594;44;195
1595;26;267
1596;189;810
1597;115;714
1598;117;160
1599;103;549
1600;183;712
1601;69;222
1602;197;390
1603;95;613
1604;119;292
1605;70;705
1606;73;439
1607;58;149
1608;89;73
1609;70;465
1610;78;720
1611;17;643
1612;143;783
1613;147;572
1614;182;817
1615;43;831
1616;77;627
1617;111;702
1618;136;347
1619;152;803
1620;191;602
1621;50;420
1622;127;874
1623;103;186
1624;118;523
1625;153;226
1626;80;487
1627;12;346
1628;191;523
1629;109;894
1630;93;130
1631;124;888
1632;144;44
1633;65;425
1634;131;282
1635;88;637
1636;52;631
1637;98;729
1638;131;249
1639;110;727
1640;173;525
1641;195;217
1642;41;266
1643;129;729
1644;169;634
1645;174;8
1646;117;183
1647;177;619
1648;194;823
1649;145;428
1650;80;253
1651;120;593
1652;2;399
1653;187;129
1654;94;92
1655;12;418
1656;91;556
1657;196;341
1658;132;640
1659;190;15
1660;152;306
1661;136;733
1662;35;328
1663;65;537
1664;128;338
1665;116;349
1666;197;883
1667;87;242
1668;58;784
1669;162;197
1670;175;587
1671;187;803
1672;158;98
1673;114;442
1674;178;717
1675;1;353
1676;169;1
1677;68;33
1678;51;326
1679;146;595
1680;17;660
1681;188;361
1682;4;17
1683;128;230
1684;9;426
1685;66;388
1686;161;452
1687;7;96
1688;192;487
1689;175;129
1690;48;12
1691;96;759
1692;116;529
1693;23;794
1694;174;701
1695;124;459
1696;62;508
1697;46;838
1698;125;490
1699;147;549
1700;15;286
1701;87;479
1702;1;98
1703;61;441
1704;36;234
1705;143;643
1706;196;475
1707;150;855
1708;133;372
1709;165;574
1710;50;427
1711;56;230
1712;18;579
1713;141;530
1714;42;534
1715;142;368
1716;97;276
1717;183;863
1718;104;541
1719;78;158
1720;148;504
1721;104;665
1722;39;94
1723;188;11
1724;55;100
1725;22;641
1726;95;446
1727;123;795
1728;120;518
1729;99;760
1730;49;734
1731;21;639
1732;64;870
1733;21;770
1734;47;884
1735;86;307
1736;131;144
1737;44;371
1738;100;292
1739;112;578
1740;102;716
1741;186;828
1742;76;578
1743;176;524
1744;146;117
1745;37;124
1746;54;856
1747;195;124
1748;147;248
1749;16;60
1750;21;535
1751;10;121
1752;66;749
1753;100;329
1754;127;763
1755;122;692
1756;137;667
1757;130;635
1758;66;74
1759;47;570
1760;74;692
1761;18;673
1762;133;809
1763;172;202
1764;28;238
1765;33;595
1766;84;249
1767;115;624
1768;183;69
1769;162;267
1770;13;712
1771;39;649
1772;111;809
1773;74;719
1774;155;118
1775;47;263
1776;76;45
1777;98;772
1778;93;48
1779;51;226
1780;17;156
1781;33;900
1782;117;794
1783;53;713
1784;81;460
1785;47;266
1786;154;67
1787;136;332
1788;143;390
1789;142;590
1790;43;65
1791;156;586
1792;26;625
1793;124;702
1794;11;169
1795;69;728
1796;123;311
1797;120;867
1798;14;451
1799;94;370
1800;43;55
1801;134;407
1802;50;34
1803;8;432
1804;56;86
1805;171;75
1806;183;514
1807;8;692
1808;154;894
1809;108;465
1810;91;845
1811;85;254
1812;161;162
1813;143;592
1814;58;657
1815;73;895
1816;54;369
1817;173;552
1818;13;199
1819;137;147
1820;79;268
1821;160;399
1822;40;162
1823;93;640
1824;77;49
1825;70;205
1826;123;472
1827;159;282
1828;148;274
1829;54;31
1830;74;190
1831;169;585
1832;40;516
1833;43;418
1834;193;629
1835;5;887
1836;4;575
1837;17;506
1838;63;860
1839;180;545
1840;60;306
1841;148;200
1842;74;102
1843;19;127
1844;198;231
1845;161;332
1846;176;392
1847;197;381
1848;166;135
1849;90;893
1850;118;358
1851;162;120
1852;135;548
1853;66;162
1854;136;660
1855;191;140
1856;169;741
1857;105;302
1858;8;408
1859;190;56
1860;181;387
1861;7;870
1862;170;848
1863;95;58
1864;60;144
1865;108;756
1866;27;310
1867;50;410
1868;76;83
1869;30;885
1870;21;101
1871;169;410
1872;39;216
1873;152;882
1874;127;886
1875;167;155
1876;94;776
1877;196;283
1878;50;591
1879;112;456
1880;114;90
1881;172;895
1882;166;840
1883;78;811
1884;103;887
1885;31;57
1886;16;3
1887;108;318
1888;67;676
1889;174;273
1890;53;111
1891;168;455
1892;34;549
1893;102;652
1894;130;334
1895;69;316
1896;154;15
1897;1;390
1898;170;650
1899;86;845
1900;193;459
1901;112;885
1902;28;774
1903;114;233
1904;25;432
1905;72;71
1906;102;608
1907;33;485
1908;133;888
1909;44;537
1910;195;635
1911;139;520
1912;1;36
1913;99;678
1914;70;141
1915;191;192
1916;11;479
1917;8;545
1918;27;348
1919;85;313
1920;22;451
1921;185;315
1922;44;885
1923;91;886
1924;13;879
1925;132;364
1926;60;600
1927;60;386
1928;14;409
1929;178;898
1930;65;392
1931;12;89
1932;22;83
1933;172;216
1934;103;545
1935;104;83
1936;128;869
1937;57;448
1938;175;691
1939;167;595
1940;155;330
1941;161;127
1942;70;606
1943;28;271
1944;117;637
1945;188;653
1946;177;682
1947;38;880
1948;107;897
1949;89;73
1950;166;685
1951;128;7
1952;122;686
1953;189;515
1954;96;188
1955;173;785
1956;57;818
1957;96;687
1958;110;299
1959;142;336
1960;24;533
1961;132;678
1962;178;229
1963;120;730
1964;120;283
1965;104;228
1966;115;589
1967;33;880
1968;126;16
1969;79;627
1970;129;614
1971;85;46
1972;26;345
1973;110;881
1974;184;311
1975;18;899
1976;59;473
1977;28;587
1978;28;586
1979;195;240
1980;56;307
1981;1;166
1982;153;808
1983;153;797
1984;181;785
1985;173;74
1986;111;747
1987;178;478
1988;196;716
1989;27;688
1990;101;531
1991;191;734
1992;182;683
1993;132;339
1994;167;201
1995;26;177
1996;30;295
1997;186;304
1998;175;807
1999;94;449
2000;53;774
2001;142;192
2002;46;363
2003;117;146
2004;21;815
2005;117;710
2006;161;326
2007;112;618
2008;194;244
2009;179;346
2010;124;847
2011;6;429
2012;56;461
2013;20;2
2014;83;152
2015;168;682
2016;87;137
2017;84;88
2018;193;804
2019;102;51
2020;174;588
2021;101;141
2022;102;94
2023;81;162
2024;196;251
2025;162;126
2026;120;155
2027;73;881
2028;72;429
2029;95;703
2030;186;384
2031;28;155
2032;80;22
2033;120;111
2034;19;776
2035;10;93
2036;10;722
2037;28;582
2038;137;452
2039;191;586
2040;118;280
2041;35;417
2042;186;198
2043;106;26
2044;143;464
2045;66;463
2046;112;29
2047;171;869
2048;36;312
2049;194;690
2050;185;237
2051;198;46
2052;103;260
2053;20;489
2054;51;767
2055;186;470
2056;83;218
2057;135;490
2058;95;271
2059;108;286
2060;21;843
2061;45;278
2062;37;414
2063;25;306
2064;94;805
2065;13;774
2066;96;47
2067;95;173
2068;127;12
2069;58;608
2070;89;410
2071;40;262
2072;7;156
2073;142;716
2074;161;317
2075;160;577
2076;186;304
2077;57;642
2078;12;215
2079;31;35
2080;71;203
2081;151;756
2082;83;112
2083;192;463
2084;20;107
2085;62;644
2086;5;175
2087;182;531
2088;127;123
2089;77;121
2090;58;184
2091;83;281
2092;43;775
2093;53;411
2094;88;879
2095;48;184
2096;19;185
2097;90;127
2098;167;152
2099;98;194
2100;85;363
2101;154;477
2102;90;223
2103;28;255
2104;27;37
2105;57;419
2106;16;279
2107;131;225
2108;82;539
2109;105;85
2110;152;15
2111;141;208
2112;153;7
2113;58;18
2114;31;489
2115;192;69
2116;145;412
2117;198;175
2118;112;347
2119;168;685
2120;43;535
2121;130;43
2122;182;321
2123;109;188
2124;52;539
2125;20;273
2126;117;128
2127;106;574
2128;48;168
2129;195;779
2130;178;388
2131;148;81
2132;187;890
2133;13;546
2134;112;373
2135;100;345
2136;119;709
2137;156;879
2138;46;554
2139;157;621
2140;137;812
2141;158;58
2142;127;601
2143;95;340
2144;184;364
2145;12;54
2146;127;372
2147;157;198
2148;100;622
2149;127;161
2150;198;607
2151;34;760
2152;136;32
2153;9;744
2154;94;275
2155;59;797
2156;180;495
2157;175;600
2158;39;149
2159;9;659
2160;55;837
2161;21;702
2162;36;569
2163;8;175
2164;33;888
2165;92;557
2166;121;90
2167;16;248
2168;176;674
2169;161;490
2170;113;725
2171;88;22
2172;166;704
2173;188;845
2174;194;323
2175;162;236
2176;195;762
2177;140;424
2178;2;459
2179;3;489
2180;59;246
2181;45;39
2182;15;709
2183;183;185
2184;49;303
2185;117;183
2186;112;462
2187;25;152
2188;82;228
2189;17;215
2190;1;32
2191;191;519
2192;82;3
2193;159;615
2194;151;303
2195;137;146
2196;140;548
2197;167;94
2198;44;52
2199;77;147
2200;76;683
2201;55;432
2202;84;415
2203;15;236
2204;111;598
2205;25;146
2206;123;603
2207;185;527
2208;60;91
2209;179;290
2210;79;124
2211;118;798
2212;97;359
2213;126;641
2214;57;400
2215;191;632
2216;31;7
2217;164;832
2218;4;795
2219;77;770
2220;184;383
2221;59;850
2222;92;798
2223;97;467
2224;181;210
2225;26;163
2226;102;119
2227;140;121
2228;37;491
2229;36;331
2230;133;144
2231;52;821
2232;196;456
2233;3;796
2234;68;412
2235;37;334
2236;80;778
2237;137;367
2238;189;759
2239;86;517
2240;164;685
2241;47;165
2242;5;278
2243;196;763
2244;140;464
2245;196;113
2246;44;577
2247;191;526
2248;49;20
2249;116;651
2250;188;144
2251;108;714
2252;17;718
2253;61;355
2254;65;165
2255;115;900
2256;67;574
2257;93;297
2258;124;146
2259;9;831
2260;163;406
2261;159;719
2262;89;776
2263;126;672
2264;95;56
2265;134;127
2266;170;649
2267;129;481
2268;20;265
2269;126;679
2270;108;152
2271;182;307
2272;193;129
2273;87;595
2274;45;312
2275;146;510
2276;80;537
2277;28;525
2278;114;475
2279;123;887
2280;60;36
2281;44;328
2282;41;463
2283;155;845
2284;173;392
2285;84;626
2286;27;837
2287;14;64
2288;76;456
2289;132;513
2290;149;1
2291;189;546
2292;132;554
2293;66;17
2294;15;232
2295;186;472
2296;155;682
2297;141;716
2298;159;530
2299;90;726
2300;193;269
2301;92;48
2302;185;360
2303;97;755
2304;5;490
2305;34;171
2306;110;234
2307;15;561
2308;55;587
2309;8;444
2310;5;415
2311;142;223
2312;5;731
2313;24;888
2314;17;375
2315;70;654
2316;197;244
2317;132;460
2318;153;191
2319;116;471
2320;196;855
2321;5;670
2322;53;699
2323;29;317
2324;137;760
2325;5;207
2326;58;40
2327;77;198
2328;103;717
2329;145;3
2330;143;287
2331;179;568
2332;92;609
2333;33;110
2334;31;211
2335;40;821
2336;75;294
2337;115;805
2338;118;463
2339;103;74
2340;11;233
2341;78;288
2342;39;214
2343;87;660
2344;59;72
2345;5;454
2346;108;198
2347;54;139
2348;108;771
2349;126;462
2350;43;750
2351;152;558
2352;68;322
2353;56;383
2354;66;575
2355;195;285
2356;124;11
2357;159;254
2358;156;530
2359;153;727
2360;59;213
2361;154;618
2362;13;443
2363;95;396
2364;97;183
2365;28;384
2366;49;75
2367;113;18
2368;34;149
2369;107;605
2370;162;18
2371;84;768
2372;181;623
2373;194;799
2374;46;709
2375;2;391
2376;87;198
2377;60;433
2378;84;316
2379;103;348
2380;31;699
2381;71;861
2382;168;625
2383;39;402
2384;123;889
2385;92;308
2386;97;223
2387;140;747
2388;66;294
2389;95;779
2390;50;226
2391;35;392
2392;64;150
2393;75;772
2394;86;772
2395;67;222
2396;172;799
2397;162;286
2398;82;808
2399;2;14
2400;47;727
2401;168;687
2402;63;697
2403;114;499
2404;8;5
2405;21;612
2406;15;598
2407;45;401
2408;63;562
2409;9;80
2410;175;655
2411;166;514
2412;66;508
2413;88;386
2414;30;795
2415;95;78
2416;191;545
2417;105;678
2418;107;5
2419;145;81
2420;45;874
2421;73;240
2422;6;587
2423;102;24
2424;144;53
2425;158;542
2426;191;859
2427;56;225
2428;67;859
2429;124;816
2430;15;650
2431;176;591
2432;144;7
2433;161;264
2434;98;79
2435;20;761
2436;139;499
2437;137;722
2438;95;623
2439;114;27
2440;78;89
2441;94;701
2442;29;805
2443;158;590
2444;136;727
2445;41;666
2446;147;582
2447;192;866
2448;126;660
2449;196;556
2450;87;135
2451;198;623
2452;39;883
2453;102;153
2454;115;30
2455;5;71
2456;125;490
2457;87;500
2458;126;629
2459;192;711
2460;109;412
2461;91;824
2462;130;354
2463;73;561
2464;175;155
2465;197;212
2466;21;674
2467;71;539
2468;183;81
2469;49;604
2470;3;143
2471;150;828
2472;75;699
2473;17;193
2474;4;332
2475;178;661
2476;102;117
2477;131;204
2478;26;322
2479;44;68
2480;63;263
2481;193;644
2482;92;721
2483;197;85
2484;56;315
2485;82;610
2486;161;675
2487;180;291
2488;102;571
2489;75;371
2490;104;304
2491;101;150
2492;60;657
2493;159;182
2494;80;592
2495;163;293
2496;62;491
2497;80;525
2498;186;423
2499;69;585
2500;25;660
2501;142;271
2502;153;636
2503;68;364
2504;184;538
2505;167;258
2506;62;721
2507;51;175
2508;19;668
2509;44;824
2510;155;194
2511;83;620
2512;166;690
2513;56;750
2514;27;247
2515;92;277
2516;97;92
2517;33;553
2518;82;360
2519;141;673
2520;91;823
2521;54;764
2522;136;601
2523;106;319
2524;68;42
2525;119;850
2526;184;409
2527;146;651
2528;5;606
2529;154;70
2530;73;724
2531;24;677
2532;154;204
2533;4;452
2534;31;279
2535;149;348
2536;166;862
2537;33;280
2538;152;376
2539;71;27
2540;179;466
2541;156;897
2542;43;856
2543;63;419
2544;55;49
2545;109;701
2546;162;542
2547;58;181
2548;197;603
2549;162;653
2550;130;473
2551;139;532
2552;64;823
2553;55;397
2554;191;334
2555;194;757
2556;157;657
2557;5;481
2558;72;552
2559;113;782
2560;130;790
2561;102;820
2562;56;696
2563;83;427
2564;123;748
2565;17;245
2566;141;107
2567;180;29
2568;189;893
2569;78;229
2570;71;621
2571;35;62
2572;171;719
2573;151;178
2574;110;293
2575;184;65
2576;74;450
2577;134;662
2578;174;51
2579;21;761
2580;77;271
2581;130;868
2582;100;549
2583;104;451
2584;36;433
2585;122;391
2586;105;252
2587;178;422
2588;113;450
2589;28;540
2590;119;404
2591;67;613
2592;104;89
2593;38;657
2594;187;213
2595;78;118
2596;25;351
2597;10;96
2598;178;442
2599;72;35
2600;67;103
2601;61;487
2602;67;573
2603;120;83
2604;118;303
2605;78;37
2606;157;235
2607;15;662
2608;106;556
2609;85;806
2610;131;303
2611;53;790
2612;137;220
2613;153;278
2614;27;448
2615;120;193
2616;174;720
2617;171;71
2618;17;239
2619;53;661
2620;26;262
2621;30;705
2622;168;57
2623;137;622
2624;120;44
2625;4;378
2626;158;492
2627;54;138
2628;169;580
2629;28;218
2630;188;329
2631;105;722
2632;56;13
2633;10;481
2634;154;206
2635;160;453
2636;29;99
2637;94;714
2638;104;647
2639;105;619
2640;18;850
2641;21;837
2642;81;368
2643;195;618
2644;46;876
2645;11;123
2646;137;234
2647;45;868
2648;42;308
2649;191;835
2650;194;356
2651;90;255
2652;197;654
2653;57;88
2654;119;212
2655;8;246
2656;156;814
2657;38;815
2658;173;166
2659;94;760
2660;174;54
2661;119;276
2662;13;417
2663;166;256
2664;153;528
2665;109;443
2666;151;530
2667;53;261
2668;150;533
2669;140;166
2670;31;793
2671;90;356
2672;117;636
2673;73;415
2674;172;193
2675;93;123
2676;12;378
2677;48;288
2678;162;695
2679;170;626
2680;112;525
2681;163;308
2682;161;718
2683;177;60
2684;33;541
2685;52;730
2686;79;534
2687;177;325
2688;111;378
2689;42;354
2690;55;385
2691;32;31
2692;198;366
2693;35;807
2694;98;13
2695;41;598
2696;195;74
2697;198;477
2698;87;510
2699;68;190
2700;141;66
2701;131;620
2702;31;54
2703;194;36
2704;11;696
2705;14;1
2706;134;401
2707;63;131
2708;175;302
2709;62;257
2710;21;283
2711;91;725
2712;7;430
2713;179;850
2714;80;779
2715;167;514
2716;20;177
2717;112;627
2718;146;749
2719;37;40
2720;24;44
2721;13;487
2722;106;205
2723;138;56
2724;166;161
2725;72;729
2726;192;845
2727;132;545
2728;42;548
2729;68;370
2730;37;880
2731;28;897
2732;194;789
2733;152;135
2734;102;511
2735;44;797
2736;148;60
2737;86;341
2738;8;831
2739;102;488
2740;149;661
2741;164;444
2742;176;442
2743;39;46
2744;151;256
2745;101;484
2746;42;366
2747;64;484
2748;42;514
2749;153;470
2750;100;94
2751;165;178
2752;23;117
2753;160;771
2754;45;710
2755;178;114
2756;76;733
2757;70;268
2758;76;408
2759;74;104
2760;117;239
2761;80;266
2762;144;893
2763;70;407
2764;19;673
2765;108;850
2766;187;86
2767;37;725
2768;154;792
2769;28;882
2770;59;494
2771;196;596
2772;128;171
2773;66;120
2774;42;696
2775;173;458
2776;82;331
2777;20;207
2778;24;613
2779;57;861
2780;165;547
2781;85;206
2782;54;696
2783;17;159
2784;16;587
2785;195;599
2786;63;245
2787;31;457
2788;67;294
2789;71;275
2790;75;308
2791;90;604
2792;181;597
2793;125;193
2794;100;620
2795;158;244
2796;151;697
2797;183;97
2798;59;20
2799;70;475
2800;17;399
2801;65;290
2802;147;57
2803;60;13
2804;163;711
2805;147;342
2806;109;617
2807;118;182
2808;86;552
2809;134;384
2810;3;200
2811;119;255
2812;139;588
2813;53;351
2814;63;804
2815;172;219
2816;166;108
2817;38;400
2818;10;368
2819;177;519
2820;52;691
2821;154;321
2822;102;121
2823;79;550
2824;92;723
2825;33;552
2826;135;139
2827;57;379
2828;113;345
2829;195;105
2830;151;267
2831;184;428
2832;61;388
2833;152;431
2834;180;713
2835;112;511
2836;186;158
2837;81;355
2838;2;293
2839;103;78
2840;184;612
2841;37;511
2842;136;41
2843;196;114
2844;10;518
2845;167;133
2846;147;529
2847;13;359
2848;144;164
2849;120;605
2850;123;448
2851;105;565
2852;138;229
2853;53;460
2854;65;351
2855;122;755
2856;3;520
2857;80;758
2858;106;86
2859;80;130
2860;174;703
2861;107;596
2862;44;893
2863;132;686
2864;176;620
2865;103;299
2866;86;731
2867;86;521
2868;143;389
2869;41;713
2870;78;527
2871;79;78
2872;61;205
2873;154;211
2874;105;748
2875;132;218
2876;185;6
2877;128;318
2878;29;531
2879;38;129
2880;145;51
2881;40;681
2882;20;292
2883;28;451
2884;85;689
2885;32;668
2886;151;150
2887;107;760
2888;46;158
2889;26;811
2890;105;613
2891;147;10
2892;103;459
2893;174;844
2894;115;634
2895;44;219
2896;64;593
2897;98;504
2898;84;481
2899;110;832
2900;69;638
2901;121;401
2902;166;758
2903;164;381
2904;80;513
2905;8;292
2906;110;696
2907;58;829
2908;66;199
2909;15;532
2910;103;232
2911;190;692
2912;71;604
2913;33;343
2914;185;151
2915;67;790
2916;130;281
2917;183;552
2918;85;300
2919;158;561
2920;158;874
2921;76;272
2922;58;543
2923;40;257
2924;99;876
2925;170;885
2926;31;59
2927;40;763
2928;183;404
2929;196;34
2930;90;892
2931;37;429
2932;138;306
2933;154;791
2934;87;800
2935;102;163
2936;189;149
2937;33;45
2938;122;494
2939;143;324
2940;56;630
2941;21;225
2942;43;81
2943;130;621
2944;163;849
2945;70;45
2946;197;293
2947;124;428
2948;71;821
2949;196;511
2950;63;107
2951;66;241
2952;76;259
2953;53;673
2954;42;724
2955;6;280
2956;87;364
2957;33;121
2958;93;117
2959;94;594
2960;130;716
2961;19;798
2962;81;3
2963;67;614
2964;85;697
2965;125;176
2966;4;545
2967;18;125
2968;148;561
2969;91;228
2970;165;322
2971;70;209
2972;21;40
2973;41;121
2974;192;562
2975;178;825
2976;58;557
2977;80;217
2978;13;192
2979;41;847
2980;70;871
2981;1;160
2982;108;366
2983;93;35
2984;185;340
2985;124;541
2986;137;641
2987;114;603
2988;191;809
2989;97;579
2990;189;168
2991;37;74
2992;11;180
2993;3;479
2994;154;809
2995;28;437
2996;137;636
2997;194;403
2998;48;251
2999;79;406
3000;100;565
3001;171;83
3002;137;91
3003;187;465
3004;198;205
3005;81;705
3006;13;48
3007;79;190
3008;68;262
3009;20;513
3010;46;779
3011;71;803
3012;13;265
3013;26;241
3014;147;46
3015;168;693
3016;113;414
3017;90;680
3018;147;395
3019;189;307
3020;113;567
3021;161;356
3022;185;595
3023;63;71
3024;31;400
3025;86;426
3026;12;185
3027;97;290
3028;21;607
3029;167;203
3030;49;151
3031;193;521
3032;65;441
3033;56;172
3034;66;705
3035;61;99
3036;42;239
3037;4;46
3038;37;591
3039;127;578
3040;180;368
3041;191;150
3042;109;331
3043;22;387
3044;174;743
3045;73;382
3046;30;481
3047;36;602
3048;131;373
3049;92;500
3050;12;722
3051;14;788
3052;14;458
3053;56;589
3054;83;541
3055;194;760
3056;43;692
3057;37;831
3058;83;4
3059;91;278
3060;38;764
3061;135;324
3062;196;234
3063;74;558
3064;81;823
3065;21;150
3066;197;484
3067;127;169
3068;198;247
3069;191;410
3070;162;7
3071;1;376
3072;18;371
3073;131;404
3074;148;462
3075;154;168
3076;178;592
3077;153;743
3078;99;617
3079;127;216
3080;37;237
3081;83;70
3082;56;323
3083;178;628
3084;10;366
3085;188;264
3086;13;176
3087;144;893
3088;121;253
3089;192;786
3090;189;117
3091;110;326
3092;178;33
3093;78;203
3094;155;125
3095;126;680
3096;171;261
3097;15;839
3098;141;228
3099;3;19
3100;83;534
3101;91;274
3102;110;285
3103;138;861
3104;57;705
3105;160;464
3106;41;596
3107;111;763
3108;5;433
3109;145;227
3110;63;745
3111;129;800
3112;28;97
3113;86;808
3114;30;802
3115;52;404
3116;81;377
3117;159;466
3118;22;107
3119;145;637
3120;43;117
3121;198;350
3122;14;243
3123;132;543
3124;52;494
3125;43;685
3126;137;800
3127;164;632
3128;11;699
3129;9;750
3130;12;549
3131;109;388
3132;1;418
3133;86;6
3134;38;657
3135;174;766
3136;44;203
3137;161;400
3138;71;8
3139;99;145
3140;179;865
3141;156;773
3142;114;270
3143;143;131
3144;8;158
3145;62;156
3146;175;22
3147;8;891
3148;134;724
3149;181;389
3150;73;725
3151;16;622
3152;74;192
3153;126;789
3154;115;445
3155;130;850
3156;194;277
3157;179;512
3158;142;58
3159;183;365
3160;14;512
3161;137;734
3162;111;431
3163;54;55
3164;155;862
3165;43;180
3166;106;477
3167;106;556
3168;17;448
3169;113;50
3170;163;872
3171;129;242
3172;176;692
3173;191;409
3174;36;596
3175;19;810
3176;54;597
3177;63;610
3178;139;248
3179;84;869
3180;3;178
3181;93;186
3182;139;6
3183;68;381
3184;110;858
3185;158;287
3186;106;277
3187;56;80
3188;23;621
3189;80;711
3190;128;380
3191;165;109
3192;155;483
3193;124;170
3194;135;601
3195;73;26
3196;36;183
3197;156;289
3198;60;573
3199;123;135
3200;126;443
3201;27;426
3202;133;201
3203;187;419
3204;28;546
3205;137;813
3206;129;675
3207;194;217
3208;90;757
3209;22;75
3210;99;114
3211;60;350
3212;65;52
3213;57;764
3214;122;711
3215;71;124
3216;150;574
3217;98;716
3218;147;502
3219;59;871
3220;125;437
3221;92;547
3222;89;642
3223;78;511
3224;102;389
3225;159;324
3226;29;480
3227;171;148
3228;125;226
3229;41;229
3230;98;814
3231;191;782
3232;181;713
3233;184;485
3234;137;850
3235;174;816
3236;187;280
3237;160;121
3238;122;632
3239;97;36
3240;138;542
3241;128;700
3242;124;504
3243;70;437
3244;164;525
3245;158;753
3246;13;125
3247;29;820
3248;43;153
3249;153;885
3250;11;708
3251;150;797
3252;165;696
3253;49;840
3254;162;244
3255;30;844
3256;66;33
3257;46;105
3258;103;76
3259;32;302
3260;118;517
3261;62;572
3262;98;363
3263;43;70
3264;173;75
3265;60;60
3266;150;732
3267;17;672
3268;94;505
3269;150;250
3270;51;98
3271;197;365
3272;22;265
3273;150;882
3274;22;786
3275;82;433
3276;63;721
3277;25;142
3278;39;250
3279;85;228
3280;160;739
3281;99;217
3282;120;163
3283;139;233
3284;121;854
3285;38;646
3286;154;742
3287;138;625
3288;59;616
3289;156;813
3290;142;21
3291;178;243
3292;130;448
3293;155;544
3294;66;542
3295;37;122
3296;153;610
3297;21;570
3298;189;275
3299;190;335
3300;117;645
3301;196;124
3302;98;233
3303;182;391
3304;34;708
3305;52;357
3306;174;692
3307;138;637
3308;88;108
3309;195;98
3310;136;538
3311;28;294
3312;5;543
3313;193;68
3314;5;804
3315;141;240
3316;129;811
3317;1;768
3318;46;417
3319;102;175
3320;67;301
3321;115;16
3322;124;139
3323;29;704
3324;86;740
3325;126;266
3326;193;776
3327;1;321
3328;108;515
3329;33;250
3330;148;70
3331;42;246
3332;54;138
3333;87;9
3334;126;499
3335;195;529
3336;50;237
3337;156;534
3338;13;26
3339;102;868
3340;90;794
3341;82;832
3342;134;321
3343;198;540
3344;79;203
3345;161;577
3346;3;394
3347;115;130
3348;15;644
3349;64;610
3350;131;450
3351;31;829
3352;128;885
3353;83;196
3354;89;817
3355;18;709
3356;175;731
3357;112;69
3358;174;227
3359;5;887
3360;154;865
3361;118;114
3362;186;476
3363;104;369
3364;57;254
3365;14;206
3366;74;282
3367;42;184
3368;44;614
3369;49;803
3370;173;88
3371;104;777
3372;43;106
3373;64;432
3374;188;709
3375;53;495
3376;140;422
3377;3;552
3378;42;222
3379;185;498
3380;168;608
3381;177;540
3382;15;17
3383;118;635
3384;69;785
3385;131;666
3386;95;568
3387;73;97
3388;78;146
3389;124;537
3390;198;440
3391;120;91
3392;152;144
3393;168;219
3394;43;131
3395;172;193
3396;90;716
3397;97;655
3398;180;655
3399;189;113
3400;90;838
3401;123;768
3402;133;765
3403;163;477
3404;56;380
3405;126;600
3406;140;604
3407;96;581
3408;139;198
3409;195;629
3410;141;635
3411;62;680
3412;188;578
3413;62;219
3414;96;741
3415;163;844
3416;129;583
3417;156;203
3418;163;823
3419;99;178
3420;111;352
3421;61;233
3422;175;396
3423;175;478
3424;91;807
3425;40;766
3426;188;199
3427;153;396
3428;73;97
3429;168;738
3430;51;494
3431;94;518
3432;86;533
3433;34;236
3434;29;379
3435;119;715
3436;120;865
3437;168;727
3438;186;717
3439;73;729
3440;152;518
3441;71;618
3442;60;197
3443;173;755
3444;104;570
3445;102;640
3446;169;493
3447;174;17
3448;97;706
3449;181;288
3450;102;30
3451;35;206
3452;115;300
3453;173;347
3454;156;858
3455;71;338
3456;145;835
3457;87;559
3458;19;64
3459;152;738
3460;142;270
3461;117;803
3462;26;419
3463;2;476
3464;130;125
3465;144;894
3466;188;307
3467;158;889
3468;124;527
3469;10;783
3470;64;611
3471;88;847
3472;197;198
3473;17;50
3474;186;762
3475;121;548
3476;125;875
3477;65;591
3478;177;522
3479;79;375
3480;131;790
3481;22;556
3482;92;722
3483;194;576
3484;180;639
3485;91;18
3486;48;695
3487;77;528
3488;72;691
3489;186;612
3490;75;532
3491;89;679
3492;157;849
3493;111;857
3494;185;323
3495;11;283
3496;158;17
3497;15;750
3498;140;596
3499;27;575
3500;174;653
3501;162;677
3502;12;724
3503;81;376
3504;29;547
3505;68;5
3506;37;28
3507;57;10
3508;188;627
3509;4;455
3510;99;169
3511;95;486
3512;6;655
3513;48;50
3514;107;275
3515;52;872
3516;118;383
3517;197;620
3518;192;487
3519;44;836
3520;37;333
3521;14;688
3522;153;461
3523;176;166
3524;168;701
3525;153;366
3526;34;845
3527;17;583
3528;44;624
3529;184;579
3530;160;880
3531;121;462
3532;117;468
3533;184;68
3534;74;532
3535;88;410
3536;25;300
3537;99;862
3538;95;657
3539;173;658
3540;10;179
3541;46;556
3542;184;658
3543;63;57
3544;123;55
3545;19;115
3546;177;134
3547;188;645
3548;135;784
3549;67;382
3550;35;718
3551;14;801
3552;160;424
3553;46;8
3554;184;751
3555;93;402
3556;123;811
3557;85;817
3558;194;590
3559;75;857
3560;16;21
3561;41;576
3562;98;716
3563;75;204
3564;154;260
3565;149;504
3566;75;8
3567;82;603
3568;111;753
3569;174;373
3570;92;864
3571;69;421
3572;64;323
3573;118;644
3574;154;228
3575;87;889
3576;109;13
3577;96;359
3578;193;35
3579;51;12
3580;159;433
3581;16;66
3582;4;512
3583;62;239
3584;168;825
3585;105;405
3586;44;893
3587;60;168
3588;164;13
3589;113;463
3590;37;388
3591;8;88
3592;111;689
3593;98;233
3594;125;528
3595;79;150
3596;140;487
3597;155;219
3598;158;807
3599;102;719
3600;26;435
3601;57;767
3602;170;276
3603;102;816
3604;54;283
3605;164;899
3606;65;273
3607;179;512
3608;134;81
3609;79;626
3610;110;607
3611;97;774
3612;8;387
3613;94;116
3614;171;766
3615;128;300
3616;31;236
3617;162;626
3618;142;864
3619;178;407
3620;17;814
3621;198;179
3622;173;423
3623;101;667
3624;115;529
3625;45;437
3626;32;233
3627;116;774
3628;88;260
3629;11;157
3630;8;836
3631;80;582
3632;64;238
3633;15;181
3634;168;600
3635;85;33
3636;169;493
3637;8;344
3638;66;278
3639;68;65
3640;169;860
3641;111;726
3642;110;816
3643;58;168
3644;144;19
3645;153;95
3646;119;316
3647;98;718
3648;173;683
3649;198;813
3650;119;594
3651;37;294
3652;34;766
3653;74;212
3654;172;739
3655;25;120
3656;134;649
3657;35;546
3658;160;854
3659;11;713
3660;68;336
3661;144;724
3662;193;414
3663;175;282
3664;197;91
3665;165;695
3666;101;234
3667;30;850
3668;56;147
3669;130;660
3670;30;269
3671;167;325
3672;39;415
3673;29;878
3674;141;442
3675;13;404
3676;187;732
3677;140;369
3678;139;137
3679;125;239
3680;137;781
3681;162;449
3682;155;537
3683;157;565
3684;135;38
3685;65;707
3686;62;402
3687;41;436
3688;80;833
3689;26;673
3690;170;423
3691;142;257
3692;32;699
3693;110;219
3694;32;779
3695;163;141
3696;54;364
3697;155;458
3698;169;707
3699;66;433
3700;188;408
3701;169;129
3702;186;226
3703;42;635
3704;178;829
3705;70;519
3706;163;278
3707;13;70
3708;176;684
3709;195;610
3710;73;261
3711;66;864
3712;156;15
3713;188;892
3714;27;103
3715;58;668
3716;113;546
3717;89;507
3718;31;74
3719;100;371
3720;96;728
3721;189;102
3722;106;467
3723;39;779
3724;20;518
3725;7;281
3726;88;143
3727;103;772
3728;81;711
3729;182;264
3730;149;896
3731;73;132
3732;130;229
3733;62;539
3734;170;449
3735;50;505
3736;141;85
3737;34;685
3738;42;577
3739;26;362
3740;157;720
3741;109;250
3742;15;93
3743;86;341
3744;105;353
3745;79;677
3746;29;495
3747;146;129
3748;9;496
3749;180;558
3750;106;189
3751;88;13
3752;30;609
3753;36;454
3754;130;59
3755;38;713
3756;30;576
3757;31;52
3758;127;722
3759;51;326
3760;81;760
3761;142;563
3762;105;838
3763;52;690
3764;164;94
3765;93;649
3766;160;99
3767;72;113
3768;77;878
3769;166;31
3770;185;87
3771;125;33
3772;72;99
3773;83;649
3774;28;176
3775;190;52
3776;190;345
3777;196;631
3778;100;822
3779;108;205
3780;64;585
3781;151;99
3782;190;144
3783;176;565
3784;55;489
3785;6;493
3786;4;156
3787;129;566
3788;87;316
3789;182;176
3790;53;481
3791;129;34
3792;128;102
3793;198;678
3794;135;96
3795;53;592
3796;93;22
3797;63;111
3798;96;25
3799;152;361
3800;6;296
3801;18;726
3802;102;64
3803;65;346
3804;131;632
3805;7;115
3806;42;28
3807;25;128
3808;156;443
3809;40;11
3810;71;577
3811;44;690
3812;68;245
3813;34;144
3814;169;282
3815;97;471
3816;10;537
3817;55;50
3818;81;53
3819;11;158
3820;30;394
3821;61;209
3822;8;323
3823;14;570
3824;127;360
3825;7;320
3826;196;709
3827;2;689
3828;80;886
3829;133;581
3830;62;287
3831;131;463
3832;158;273
3833;162;728
3834;168;96
3835;52;383
3836;71;788
3837;138;220
3838;197;412
3839;32;65
3840;89;5
3841;171;898
3842;111;233
3843;48;791
3844;18;78
3845;147;270
3846;15;151
3847;116;274
3848;47;467
3849;35;650
3850;46;378
3851;171;731
3852;27;432
3853;9;423
3854;125;645
3855;143;292
3856;166;871
3857;184;569
3858;157;810
3859;54;874
3860;22;230
3861;101;724
3862;26;97
3863;39;189
3864;8;204
3865;121;560
3866;30;85
3867;95;385
3868;30;128
3869;157;372
3870;191;706
3871;60;717
3872;15;264
3873;112;364
3874;134;105
3875;104;196
3876;171;241
3877;64;725
3878;114;72
3879;34;711
3880;75;57
3881;56;240
3882;128;847
3883;151;853
3884;197;10
3885;163;471
3886;58;759
3887;108;656
3888;179;86
3889;109;738
3890;8;697
3891;10;138
3892;38;865
3893;101;673
3894;52;493
3895;94;612
3896;3;157
3897;131;249
3898;73;817
3899;110;897
3900;162;757
3901;166;99
3902;173;663
3903;191;283
3904;32;836
3905;191;320
3906;152;217
3907;112;697
3908;132;166
3909;16;650
3910;3;504
3911;158;247
3912;68;898
3913;60;310
3914;89;24
3915;146;398
3916;198;140
3917;44;400
3918;122;410
3919;20;50
3920;66;249
3921;41;452
3922;183;287
3923;175;57
3924;24;865
3925;175;888
3926;180;509
3927;33;464
3928;141;502
3929;77;480
3930;111;48
3931;137;638
3932;113;840
3933;140;659
3934;109;537
3935;189;486
3936;27;875
3937;190;382
3938;173;670
3939;68;627
3940;144;582
3941;20;172
3942;197;537
3943;29;507
3944;109;867
3945;139;783
3946;174;358
3947;21;733
3948;117;385
3949;66;794
3950;26;514
3951;30;55
3952;194;865
3953;119;524
3954;44;547
3955;168;403
3956;18;416
3957;125;428
3958;196;236
3959;165;509
3960;101;624
3961;89;454
3962;169;45
3963;174;148
3964;45;309
3965;102;355
3966;61;409
3967;21;439
3968;87;417
3969;12;888
3970;35;320
3971;109;859
3972;153;749
3973;38;854
3974;49;157
3975;57;625
3976;96;510
3977;104;131
3978;198;456
3979;127;180
3980;139;425
3981;152;71
3982;108;691
3983;79;519
3984;180;240
3985;94;381
3986;133;370
3987;54;171
3988;5;21
3989;41;112
3990;194;473
3991;46;404
3992;118;494
3993;69;612
3994;20;863
3995;143;107
3996;68;545
3997;50;346
3998;20;233
3999;9;325
4000;132;645
4001;114;298
4002;96;338
4003;150;856
4004;113;563
4005;93;360
4006;58;145
4007;44;243
4008;190;897
4009;47;181
4010;24;16
4011;11;827
4012;177;329
4013;92;774
4014;154;170
4015;16;16
4016;184;65
4017;146;623
4018;16;696
4019;50;800
4020;120;510
4021;175;862
4022;104;764
4023;45;182
4024;165;204
4025;158;794
4026;142;574
4027;160;41
4028;92;183
4029;29;271
4030;44;698
4031;138;415
4032;58;21
4033;88;366
4034;183;32
4035;186;191
4036;11;459
4037;43;898
4038;196;98
4039;178;520
4040;94;459
4041;70;526
4042;39;127
4043;138;767
4044;190;217
4045;149;751
4046;24;224
4047;23;319
4048;71;366
4049;60;836
4050;53;340
4051;98;853
4052;65;841
4053;186;899
4054;77;882
4055;88;616
4056;149;616
4057;158;29
4058;119;52
4059;157;343
4060;99;522
4061;47;891
4062;68;574
4063;109;516
4064;36;393
4065;67;897
4066;178;862
4067;173;253
4068;105;782
4069;6;525
4070;4;331
4071;44;756
4072;167;506
4073;25;800
4074;104;131
4075;23;600
4076;181;187
4077;181;361
4078;119;845
4079;191;511
4080;144;781
4081;139;499
4082;136;60
4083;156;789
4084;185;514
4085;57;88
4086;139;43
4087;186;434
4088;154;600
4089;41;252
4090;94;753
4091;7;79
4092;73;403
4093;132;327
4094;67;439
4095;129;841
4096;28;663
4097;134;485
4098;44;656
4099;152;63
4100;2;185
4101;75;188
4102;110;530
4103;115;510
4104;102;587
4105;151;64
4106;17;386
4107;154;142
4108;173;349
4109;131;780
4110;106;637
4111;157;250
4112;104;448
4113;30;85
4114;132;139
4115;42;336
4116;33;873
4117;146;136
4118;124;586
4119;187;141
4120;138;37
4121;160;39
4122;178;664
4123;156;704
4124;50;419
4125;24;457
4126;159;433
4127;22;410
4128;33;526
4129;186;794
4130;169;658
4131;72;61
4132;143;94
4133;124;596
4134;134;9
4135;159;835
4136;43;297
4137;93;415
4138;4;73
4139;41;185
4140;77;155
4141;113;795
4142;2;603
4143;44;803
4144;62;512
4145;66;27
4146;117;44
4147;140;620
4148;109;177
4149;172;72
4150;46;860
4151;171;368
4152;84;630
4153;58;203
4154;34;172
4155;38;168
4156;14;875
4157;176;13
4158;153;70
4159;114;634
4160;45;620
4161;25;442
4162;66;421
4163;173;86
4164;182;739
4165;69;479
4166;170;17
4167;106;436
4168;113;607
4169;91;662
4170;175;542
4171;186;842
4172;103;696
4173;168;605
4174;192;446
4175;188;454
4176;4;605
4177;39;538
4178;11;663
4179;166;459
4180;30;648
4181;79;799
4182;123;745
4183;73;216
4184;165;772
4185;185;401
4186;64;563
4187;29;444
4188;32;623
4189;98;184
4190;107;309
4191;78;30
4192;18;595
4193;174;820
4194;34;803
4195;134;891
4196;6;727
4197;42;448
4198;6;9
4199;38;861
4200;154;145
4201;89;457
4202;145;831
4203;151;835
4204;183;378
4205;96;533
4206;62;501
4207;72;246
4208;184;676
4209;20;222
4210;52;809
4211;151;827
4212;149;687
4213;109;861
4214;177;828
4215;139;822
4216;185;422
4217;72;352
4218;175;775
4219;24;339
4220;146;688
4221;108;146
4222;102;685
4223;118;590
4224;71;289
4225;93;224
4226;24;54
4227;54;8
4228;182;3
4229;198;516
4230;130;434
4231;55;258
4232;91;374
4233;51;80
4234;150;570
4235;82;477
4236;160;845
4237;198;273
4238;96;135
4239;34;820
4240;63;223
4241;50;74
4242;37;225
4243;120;492
4244;183;247
4245;159;866
4246;68;734
4247;192;430
4248;154;567
4249;159;749
4250;152;309
4251;53;679
4252;163;120
4253;113;98
4254;133;148
4255;79;871
4256;140;655
4257;169;488
4258;136;7
4259;160;439
4260;1;675
4261;110;513
4262;146;18
4263;180;51
4264;158;269
4265;31;699
4266;190;209
4267;38;59
4268;145;791
4269;131;100
4270;128;467
4271;28;896
4272;51;719
4273;33;372
4274;31;803
4275;162;351
4276;147;827
4277;117;768
4278;184;507
4279;6;286
4280;89;576
4281;70;397
4282;151;509
4283;58;560
4284;19;495
4285;169;640
4286;51;147
4287;32;745
4288;33;407
4289;74;457
4290;33;241
4291;96;622
4292;182;593
4293;39;817
4294;54;702
4295;71;167
4296;164;267
4297;82;51
4298;182;328
4299;180;630
4300;95;767
4301;116;617
4302;103;86
4303;50;805
4304;40;146
4305;117;763
4306;140;287
4307;92;142
4308;19;336
4309;162;125
4310;142;53
4311;43;219
4312;154;59
4313;73;198
4314;100;312
4315;159;673
4316;111;394
4317;96;627
4318;79;157
4319;10;239
4320;131;148
4321;119;777
4322;34;137
4323;104;478
4324;169;720
4325;157;87
4326;186;428
4327;140;8
4328;164;535
4329;99;434
4330;66;618
4331;188;847
4332;123;453
4333;9;233
4334;163;618
4335;39;426
4336;180;72
4337;78;891
4338;131;814
4339;47;414
4340;145;575
4341;117;155
4342;14;758
4343;20;645
4344;71;481
4345;41;264
4346;43;31
4347;174;608
4348;56;750
4349;17;724
4350;47;299
4351;154;166
4352;110;532
4353;179;251
4354;55;30
4355;36;405
4356;68;173
4357;24;495
4358;25;275
4359;40;833
4360;60;424
4361;134;820
4362;148;37
4363;172;428
4364;16;741
4365;87;184
4366;98;525
4367;133;800
4368;24;512
4369;172;544
4370;80;660
4371;108;375
4372;150;802
4373;49;560
4374;78;572
4375;62;135
4376;89;448
4377;27;254
4378;123;644
4379;10;348
4380;173;221
4381;52;400
4382;84;717
4383;181;801
4384;94;621
4385;85;333
4386;165;893
4387;125;440
4388;88;124
4389;135;496
4390;160;667
4391;47;543
4392;63;710
4393;93;320
4394;186;804
4395;15;203
4396;176;560
4397;128;80
4398;144;461
4399;83;521
4400;99;722
4401;122;186
4402;94;400
4403;106;565
4404;75;160
4405;185;565
4406;39;211
4407;113;894
4408;182;646
4409;30;172
4410;116;104
4411;192;120
4412;150;606
4413;183;846
4414;112;582
4415;21;170
4416;38;144
4417;105;703
4418;141;627
4419;192;880
4420;191;17
4421;8;611
4422;152;643
4423;87;777
4424;98;288
4425;79;664
4426;53;150
4427;57;0
4428;6;279
4429;106;546
4430;47;638
4431;158;481
4432;79;870
4433;94;457
4434;101;60
4435;127;342
4436;140;851
4437;136;365
4438;170;344
4439;114;791
4440;197;115
4441;172;112
4442;58;316
4443;168;780
4444;173;257
4445;36;312
4446;16;426
4447;135;192
4448;57;302
4449;177;554
4450;125;868
4451;6;75
4452;3;779
4453;145;702
4454;131;710
4455;164;577
4456;42;760
4457;80;556
4458;70;696
4459;42;718
4460;105;731
4461;164;794
4462;52;295
4463;37;650
4464;32;737
4465;180;208
4466;152;796
4467;140;756
4468;4;391
4469;131;243
4470;82;362
4471;37;163
4472;182;166
4473;119;817
4474;47;245
4475;144;544
4476;4;841
4477;51;886
4478;72;50
4479;64;628
4480;91;457
4481;73;104
4482;63;64
4483;49;602
4484;2;679
4485;160;356
4486;141;511
4487;5;747
4488;4;197
4489;194;526
4490;90;226
4491;82;855
4492;82;780
4493;87;94
4494;61;265
4495;93;228
4496;99;307
4497;126;160
4498;5;784
4499;141;671
4500;78;588
4501;56;690
4502;162;644
4503;178;551
4504;87;620
4505;190;778
4506;37;425
4507;155;805
4508;120;325
4509;110;591
4510;170;638
4511;35;762
4512;149;154
4513;107;517
4514;30;276
4515;130;108
4516;162;742
4517;17;120
4518;171;534
4519;128;760
4520;147;208
4521;107;204
4522;13;275
4523;127;864
4524;147;824
4525;153;568
4526;44;782
4527;181;264
4528;44;245
4529;155;660
4530;86;689
4531;29;85
4532;101;738
4533;181;513
4534;129;100
4535;170;604
4536;127;538
4537;33;200
4538;174;38
4539;95;346
4540;10;147
4541;104;490
4542;46;436
4543;20;835
4544;139;811
4545;181;420
4546;143;851
4547;46;578
4548;115;124
4549;77;494
4550;6;359
4551;126;445
4552;133;708
4553;1;684
4554;120;523
4555;61;515
4556;126;99
4557;145;818
4558;185;598
4559;102;448
4560;17;607
4561;27;360
4562;117;430
4563;49;856
4564;130;884
4565;170;99
4566;40;620
4567;186;437
4568;104;841
4569;25;131
4570;143;701
4571;13;92
4572;173;105
4573;165;177
4574;35;856
4575;50;612
4576;146;742
4577;153;594
4578;129;41
4579;86;804
4580;10;651
4581;23;841
4582;196;184
4583;18;800
4584;14;318
4585;129;837
4586;54;312
4587;197;428
4588;93;184
4589;187;682
4590;197;829
4591;191;306
4592;52;797
4593;21;530
4594;198;284
4595;77;251
4596;74;314
4597;193;668
4598;194;671
4599;135;512
4600;137;830
4601;37;893
4602;113;150
4603;52;469
4604;75;328
4605;91;425
4606;148;411
4607;89;194
4608;159;343
4609;33;349
4610;78;225
4611;25;800
4612;160;48
4613;97;609
4614;133;587
4615;85;603
4616;184;746
4617;18;229
4618;139;182
4619;152;191
4620;195;353
4621;44;743
4622;77;681
4623;83;320
4624;53;842
4625;196;25
4626;194;244
4627;125;265
4628;111;191
4629;72;461
4630;149;403
4631;45;339
4632;151;772
4633;16;141
4634;92;385
4635;125;470
4636;160;242
4637;171;470
4638;166;717
4639;148;231
4640;126;551
4641;102;823
4642;15;670
4643;158;148
4644;198;404
4645;89;25
4646;174;103
4647;89;761
4648;116;643
4649;177;667
4650;182;440
4651;196;355
4652;188;202
4653;184;765
4654;72;389
4655;147;789
4656;80;109
4657;55;240
4658;139;617
4659;173;219
4660;156;760
4661;72;266
4662;167;414
4663;33;150
4664;35;769
4665;72;400
4666;107;131
4667;127;307
4668;24;16
4669;172;573
4670;140;795
4671;72;822
4672;180;888
4673;46;704
4674;24;266
4675;89;436
4676;182;674
4677;132;108
4678;24;878
4679;33;494
4680;84;674
4681;8;724
4682;143;447
4683;43;309
4684;145;670
4685;24;359
4686;165;799
4687;99;625
4688;168;644
4689;103;831
4690;32;891
4691;15;507
4692;197;442
4693;25;555
4694;58;238
4695;43;847
4696;4;124
4697;101;394
4698;154;199
4699;159;157
4700;54;28
4701;114;765
4702;49;706
4703;39;36
4704;86;770
4705;69;471
4706;96;131
4707;113;439
4708;123;403
4709;33;394
4710;147;789
4711;193;819
4712;101;557
4713;20;584
4714;191;282
4715;177;869
4716;17;410
4717;169;426
4718;108;239
4719;180;755
4720;143;708
4721;127;105
4722;68;628
4723;184;293
4724;44;857
4725;169;789
4726;147;92
4727;158;440
4728;152;399
4729;189;875
4730;35;29
4731;17;719
4732;29;234
4733;65;451
4734;188;519
4735;25;668
4736;99;13
4737;64;848
4738;173;590
4739;109;111
4740;37;455
4741;192;756
4742;51;547
4743;2;565
4744;161;728
4745;142;598
4746;138;855
4747;134;98
4748;125;532
4749;154;829
4750;62;799
4751;184;449
4752;165;466
4753;162;629
4754;195;13
4755;21;146
4756;190;133
4757;91;3
4758;17;800
4759;88;600
4760;16;430
4761;158;121
4762;70;330
4763;31;799
4764;45;256
4765;6;39
4766;5;763
4767;87;789
4768;159;597
4769;45;898
4770;116;172
4771;144;574
4772;170;25
4773;165;758
4774;113;647
4775;27;796
4776;139;876
4777;138;223
4778;125;626
4779;98;270
4780;133;129
4781;17;467
4782;146;406
4783;195;86
4784;34;154
4785;56;348
4786;176;885
4787;82;99
4788;175;196
4789;176;657
4790;163;580
4791;80;55
4792;136;273
4793;22;450
4794;91;707
4795;99;175
4796;80;146
4797;183;86
4798;131;251
4799;198;845
4800;102;809
4801;88;843
4802;96;603
4803;188;646
4804;127;301
4805;109;650
4806;42;217
4807;197;519
4808;68;866
4809;79;727
4810;45;632
4811;153;367
4812;111;8
4813;187;52
4814;160;502
4815;49;813
4816;183;792
4817;63;871
4818;180;431
4819;42;128
4820;127;642
4821;80;746
4822;64;583
4823;57;771
4824;104;815
4825;7;82
4826;104;399
4827;165;770
4828;119;112
4829;150;838
4830;65;745
4831;144;768
4832;158;544
4833;129;786
4834;74;33
4835;47;488
4836;190;829
4837;21;253
4838;120;0
4839;112;615
4840;93;354
4841;103;386
4842;26;535
4843;48;726
4844;60;225
4845;28;660
4846;123;115
4847;186;493
4848;82;441
4849;191;276
4850;165;17
4851;84;749
4852;88;765
4853;144;176
4854;30;847
4855;87;514
4856;170;776
4857;70;400
4858;115;476
4859;68;77
4860;120;642
4861;32;187
4862;46;879
4863;10;13
4864;147;814
4865;127;727
4866;149;811
4867;149;820
4868;153;900
4869;108;440
4870;110;4
4871;21;436
4872;128;172
4873;86;523
4874;23;19
4875;88;852
4876;136;287
4877;102;122
4878;193;793
4879;182;813
4880;63;628
4881;162;295
4882;19;727
4883;56;790
4884;30;711
4885;125;63
4886;78;529
4887;81;370
4888;6;438
4889;138;839
4890;78;594
4891;95;231
4892;176;476
4893;185;231
4894;87;861
4895;138;493
4896;157;276
4897;180;336
4898;174;376
4899;140;313
4900;163;325
4901;121;533
4902;196;469
4903;161;677
4904;125;493
4905;189;155
4906;75;275
4907;189;123
4908;164;774
4909;165;150
4910;60;885
4911;32;137
4912;162;476
4913;98;479
4914;35;179
4915;175;547
4916;5;498
4917;51;31
4918;127;787
4919;4;834
4920;70;413
4921;146;435
4922;195;419
4923;17;592
4924;72;725
4925;76;296
4926;20;406
4927;81;879
4928;86;443
4929;174;253
4930;45;2
4931;186;32
4932;60;362
4933;175;877
4934;39;868
4935;4;153
4936;116;648
4937;61;376
4938;44;346
4939;145;390
4940;151;771
4941;126;143
4942;99;881
4943;65;334
4944;134;590
4945;60;827
4946;40;172
4947;117;510
4948;170;232
4949;36;425
4950;75;83
4951;60;726
4952;49;230
4953;61;875
4954;78;367
4955;114;118
4956;66;204
4957;45;110
4958;122;754
4959;39;294
4960;109;585
4961;183;177
4962;15;819
4963;19;621
4964;15;825
4965;164;783
4966;140;297
4967;28;78
4968;90;532
4969;13;196
4970;34;740
4971;104;482
4972;109;575
4973;162;391
4974;22;777
4975;63;799
4976;72;849
4977;65;868
4978;45;791
4979;52;795
4980;189;79
4981;178;165
4982;181;44
4983;174;406
4984;106;160
4985;79;377
4986;181;537
4987;192;47
4988;73;512
4989;142;302
4990;130;788
4991;5;759
4992;112;610
4993;149;449
4994;170;101
4995;146;495
4996;17;892
4997;30;866
4998;2;616
4999;184;854
5000;119;320
